image: lab.pgm
resolution: 0.050000
origin: [-5.000000, -4.500000, nan]
negate: 0
occupied_thresh: 0.65
free_thresh: 0.196

